	0.632120559	0.367879441	0.264241118	0.207276647	0.170893412	0.145532941	0.126802357	0.112383504	0.100931967	0.091612293	0.08387707	0.077352229	0.071773254	0.066947703	0.062732164	0.059017541	0.055719346	0.052771119	0.050119855	0.047722756	0.045544884
k	I_k	I_k-1	1-k*Ik-1																		
0	0.632120559																				
1	0.367879441	0.632120559	0.367879441																		
2	0.264241118	0.367879441	0.264241118																		
3	0.207276647	0.264241118	0.207276647																		
4	0.170893412	0.207276647	0.170893412																		
5	0.145532941	0.170893412	0.145532941																		
6	0.126802357	0.145532941	0.126802357																		
7	0.112383504	0.126802357	0.112383504																		
8	0.100931967	0.112383504	0.100931967																		
9	0.091612293	0.100931967	0.091612293																		
10	0.08387707	0.091612293	0.08387707																		
11	0.077352229	0.08387707	0.077352229																		
12	0.071773254	0.077352229	0.071773254																		
13	0.066947703	0.071773254	0.066947703																		
14	0.062732164	0.066947703	0.062732164																		
15	0.059017541	0.062732164	0.059017541																		
16	0.055719346	0.059017541	0.055719346																		
17	0.052771119	0.055719346	0.052771119																		
18	0.050119855	0.052771119	0.050119855																		
19	0.047722756	0.050119855	0.047722756																		
20	0.045544884	0.047722756	0.045544884																		
